[Parameter]
tend = 5000000
nsteps = 5000000
lam = 0.00438 
sigma = 0.02527 
mu = 0.00865 
numberOfTrajectories = 50
