[Parameter]
tend = 500000
nsteps = 500000
lam = 0.00438 
sigma = 0.02527 
mu = 0.00865 
; lam = 0.01
; sigma = 0.025
; mu = 0.02
numberOfTrajectories = 50
