[Parameter]
tend = 600
nsteps = 200
lam = 0.00438 
sigma = 0.02527 
mu = 0.00865 