[Parameter]
tend = 10000000
nsteps = 100000
lam = 0.00438 
sigma = 0.02527 
mu = 0.00865 
numberOfTrajectories = 500
